10 10 3 leverage
1 2 6 2 1 2 4 2 5 2 
2 2 2 6 3 7 5 7 1 3 
4 3 6 6 7 2 7 1 4 1 
4 5 3 5 3 6 1 2 5 6 
7 4 1 3 7 5 3 7 4 3 
4 7 3 5 6 7 7 5 2 6 
3 5 3 6 7 1 3 5 2 3 
1 2 6 3 4 7 4 5 4 5 
4 4 1 4 3 5 7 6 1 7 
5 1 5 1 1 1 6 5 5 5 
A 9 1 6 4
B 5 4 9 9
C 2 0 4 5
12 16 4
2 7 3 2 3 3 3 5 5 4 6 6 4 7 6 3 
5 5 6 1 2 7 4 5 7 1 4 6 5 6 3 5 
3 7 6 3 4 5 4 1 5 7 4 2 4 5 5 1 
6 4 7 3 6 6 3 3 5 2 5 1 4 1 4 7 
2 4 2 2 1 4 5 2 1 5 4 2 4 5 4 3 
4 2 6 5 2 6 1 2 1 3 3 2 4 2 2 3 
4 3 6 6 2 6 3 6 4 7 4 5 4 3 1 6 
3 3 1 3 3 5 1 5 1 7 6 6 3 1 1 2 
2 4 4 7 5 4 1 6 2 1 2 1 5 7 4 1 
4 1 6 4 5 1 4 1 5 7 6 4 5 4 2 3 
3 6 4 7 2 6 6 1 1 7 5 5 5 1 4 1 
6 3 3 3 4 4 1 2 7 2 4 5 6 7 1 5 
A 1 3 12 2
B 8 3 8 9
C 3 7 10 5
D 8 4 8 10
12 12 5 a little crowded in here
1 1 1 2 1 5 2 3 5 6 7 7 
2 5 7 2 3 6 4 2 6 4 4 2 
6 3 3 6 2 1 5 2 4 7 5 5 
7 4 2 3 1 2 2 6 7 5 3 1 
5 5 7 1 6 3 4 3 4 2 6 3 
5 1 6 5 6 3 7 5 1 7 3 4 
5 1 1 1 2 3 7 6 4 2 5 6 
5 3 6 1 6 4 2 7 5 2 1 1 
4 3 5 1 4 1 5 3 4 1 1 5 
2 6 6 1 2 6 6 5 2 3 2 4 
2 5 5 2 4 4 3 6 6 5 7 1 
7 1 2 6 3 7 5 3 6 1 3 4 
A 6 8 1 10
B 1 11 5 8
C 10 7 11 10
D 7 5 1 4
E 4 10 8 4
8 8 8  a knotty problem
2 2 4 6 6 2 3 5 
5 1 2 4 4 5 2 5 
3 3 6 5 4 6 6 3 
2 6 6 4 3 1 6 4 
3 7 6 1 3 7 1 3 
3 5 1 5 7 4 2 7 
4 2 1 5 3 1 1 4 
3 1 3 1 3 3 4 6 
A 1 0 1 6
B 4 1 6 7
C 7 6 4 2
D 4 0 3 0
E 7 2 4 4
F 2 4 6 2
G 2 3 2 2
H 1 1 5 6
16 16 3 take the long way around
7 5 1 2 7 7 5 1 1 5 2 3 4 3 4 7 
4 6 7 5 3 2 4 6 6 5 2 4 2 7 7 3 
5 2 3 5 5 6 5 1 6 5 3 4 6 3 4 7 
3 7 6 3 2 5 5 3 5 6 7 2 2 6 4 2 
6 2 5 1 2 5 4 3 1 7 6 5 1 5 2 5 
1 4 7 5 3 5 3 3 5 2 2 6 5 3 2 1 
7 1 6 2 1 2 2 5 7 4 1 3 5 4 7 2 
2 6 6 7 5 2 5 6 2 2 6 6 3 2 3 3 
5 3 5 7 1 6 2 5 2 4 3 5 1 6 1 1 
6 5 1 1 2 3 7 4 3 2 4 3 2 7 6 5 
3 2 2 2 6 7 4 7 6 3 4 6 7 4 2 5 
4 5 4 6 2 2 6 1 1 7 6 5 2 4 2 7 
2 5 2 6 5 6 7 4 4 1 4 6 2 2 3 7 
3 7 5 3 2 3 2 7 7 4 1 2 7 5 7 1 
4 2 6 3 5 7 2 4 4 6 1 1 6 4 3 4 
2 7 6 6 6 3 4 2 5 6 6 7 4 5 4 1 
A 1 8 8 9
B 7 12 6 15
C 1 12 13 13
6 6 4 cramped
2 1 3 1 5 6 
5 6 3 1 5 6 
6 3 5 4 4 1 
1 3 2 7 3 5 
2 6 3 6 5 5 
6 6 6 7 3 2 
A 4 2 3 2
B 1 3 2 4
C 3 4 0 2
D 4 0 5 4
2 6 1 Larger tiles, of any size, can also be combined, as long as they are all exactly the same size and the result is a rectangle.
1 1 2 2 2 3
1 2 2 2 3 1
A 0 0 5 1
3 10 1 Sometimes, it might take some experimentation to find the right combination.
5 3 1 4 1 4 3 3 5 6
2 4 1 6 2 2 3 6 1 4
1 5 3 2 3 6 6 4 3 5
A 0 0 9 2
4 4 1 When you combine tiles, the resulting color is whichever color is most common in the component tiles.
1 1 3 2
5 1 6 1
3 4 4 1
5 6 2 3
A 1 0 3 2
24 24 4 pinwheel
5 6 1 4 3 3 5 4 3 3 4 5 7 2 6 6 4 4 6 2 6 5 4 5 
6 3 3 3 7 3 5 7 5 6 6 4 2 3 3 4 2 2 1 6 1 7 7 5 
7 7 6 4 4 4 1 7 6 2 6 1 5 6 7 2 3 7 4 4 1 2 5 5 
4 1 7 3 3 5 3 1 6 7 4 3 2 1 3 2 6 2 6 1 6 3 1 2 
2 3 2 1 6 7 7 4 4 2 1 4 1 5 4 2 1 5 7 1 6 7 7 3 
6 5 6 1 6 1 1 6 5 6 6 6 3 3 4 4 3 5 6 2 3 1 5 4 
3 7 4 3 3 3 1 3 2 6 4 6 4 5 5 7 5 1 4 4 1 3 7 2 
6 7 5 6 1 2 7 7 7 4 1 7 3 4 3 1 6 6 3 7 5 4 3 7 
7 1 6 3 1 7 1 1 5 3 4 4 7 2 1 6 4 4 5 2 2 6 2 1 
6 4 3 6 4 6 2 3 6 3 6 3 2 2 3 6 6 4 3 7 5 1 2 4 
4 2 5 5 3 5 4 2 6 2 7 1 3 3 3 1 7 2 4 3 3 7 5 5 
4 7 1 2 6 4 7 7 7 4 4 3 3 2 5 1 4 2 7 1 7 4 7 6 
5 3 5 4 4 4 1 6 2 5 4 6 7 3 3 7 7 4 5 1 4 4 2 1 
1 4 4 1 4 5 7 7 1 1 4 5 7 6 7 6 4 6 3 6 7 1 5 4 
3 6 7 6 5 4 7 4 4 2 7 3 7 5 6 3 4 7 5 2 6 7 3 1 
6 7 3 2 5 5 5 2 2 7 4 7 1 2 5 5 6 6 6 6 3 5 7 7 
4 7 5 1 2 1 3 2 2 5 6 3 2 6 7 1 1 3 6 6 4 3 6 3 
6 7 6 3 7 4 2 1 5 7 7 1 1 7 1 6 4 5 6 3 6 7 2 5 
3 1 2 7 6 1 1 7 6 6 7 3 3 4 4 7 6 2 1 5 2 2 2 6 
6 4 5 5 4 4 7 2 1 6 1 4 5 4 2 2 7 2 7 3 5 6 2 2 
1 7 3 4 1 5 4 7 2 5 5 2 5 6 5 5 7 6 3 5 4 6 7 7 
7 3 7 5 3 5 2 4 3 2 1 1 4 1 1 3 1 5 5 3 3 6 6 1 
3 7 5 7 3 1 2 6 2 1 1 5 4 3 3 6 3 5 5 1 3 6 4 2 
7 3 7 6 1 5 4 7 3 6 2 5 5 5 7 2 4 6 3 1 2 1 2 5 
A 12 11 1 23
B 9 22 11 10
C 10 11 16 23
D 11 12 1 0
1 17 1 Sometimes, this can be used to pull unexpected tricks. (Make sure the tiles are the same size!)
1 2 2 2 2 2 2 2 2 2 2 2 2 2 2 2 1
A 0 0 16 0
5 4 5 If there is a tie in the number of tiles, then whichever color is first in the rainbow wins.
1 2 2 1
2 3 3 2
3 4 4 3
4 5 5 4
5 6 6 5
A 0 0 3 0
B 0 1 3 1
C 0 2 3 2
D 0 3 3 3
E 0 4 3 4
4 2 1 White tiles are easily overwhelmed; the result tile is white only if all of the initial tiles are white.
1 7
7 7
7 7
7 1
A 0 0 1 3
1 2 1 Right click and drag across multiple boxes to combine them. Left click on a combined box to split it.
1 1
A 0 0 1 0
10 10 2 caption
4 6 7 5 1 6 5 3 1 6 
1 5 7 1 2 6 3 5 6 2 
2 1 1 1 5 3 2 3 4 5 
4 6 1 4 1 1 4 5 3 1 
2 5 2 4 5 6 7 3 6 5 
3 4 1 3 2 4 3 7 7 2 
5 3 3 4 2 2 6 6 4 5 
1 1 7 6 1 7 1 1 7 1 
6 6 7 1 2 1 7 5 6 3 
4 5 1 3 6 1 4 5 3 2 
A 8 8 1 0
B 9 3 1 2
2 4 2 The objective is to link up each pair of symbols, A to A, B to B, etc.
4 3 1 3
5 4 7 1
A 0 0 1 1
B 2 0 3 1
Finnicky
Jigsaw
Interlocking
Intertwined
Red Herrings
24 24 4 Oh No, More Detours
1 2 3 4 7 4 3 6 2 2 6 7 5 3 2 4 5 1 3 4 6 1 3 7 
2 2 1 5 2 6 2 3 5 7 3 6 4 6 1 3 7 5 2 1 2 5 1 1 
1 3 4 4 5 1 5 2 7 5 6 3 2 6 1 6 7 4 5 7 6 7 5 6 
6 4 4 6 4 4 5 5 4 4 1 4 1 1 3 6 4 7 3 1 1 3 2 5 
4 1 7 5 4 4 7 5 3 2 4 1 2 4 1 2 4 3 2 1 1 1 2 7 
7 2 7 5 3 6 2 1 5 2 1 1 2 4 5 1 6 3 4 1 7 7 6 7 
2 1 5 7 6 1 6 5 5 4 7 3 4 7 5 3 7 7 5 4 2 5 7 6 
5 1 1 5 5 4 3 7 1 1 4 4 1 7 1 3 6 5 2 3 4 4 2 1 
3 3 7 5 7 7 7 1 5 7 7 1 7 6 1 7 1 7 5 2 7 1 3 6 
2 6 5 3 2 5 6 2 7 1 3 1 6 1 3 1 3 4 2 6 3 1 6 1 
1 6 4 1 3 5 4 3 4 4 5 3 2 7 1 3 2 6 6 3 3 4 4 7 
5 5 7 4 4 3 2 5 3 7 6 4 5 7 5 2 7 3 2 3 7 6 1 7 
7 1 6 1 6 5 2 2 5 4 4 6 4 2 4 3 4 2 4 3 1 7 3 6 
5 6 2 4 7 3 4 1 6 1 1 2 5 1 7 5 2 3 6 7 6 3 2 6 
7 2 5 5 7 7 5 5 2 6 6 5 7 6 2 2 3 5 4 2 3 1 2 1 
1 3 2 7 2 5 1 6 3 1 1 6 4 7 2 3 2 3 1 1 7 5 1 6 
5 5 7 1 3 2 7 5 5 5 2 2 5 7 5 5 7 6 2 1 3 4 2 2 
2 7 2 6 7 1 2 1 4 2 7 2 2 7 1 1 3 6 3 7 2 3 3 2 
6 5 6 4 3 6 1 7 7 3 1 2 6 2 7 5 1 7 2 2 2 2 7 4 
1 2 7 7 1 6 4 6 6 3 3 6 4 1 5 2 2 2 4 2 5 2 7 4 
3 4 7 1 3 7 3 4 3 7 6 1 3 2 2 7 1 7 5 3 2 6 6 3 
2 2 5 6 7 3 6 2 2 5 6 6 1 1 5 6 1 2 6 6 3 2 7 5 
4 4 1 6 5 7 6 7 3 5 3 6 7 5 2 1 2 1 4 1 3 2 2 5 
2 2 4 7 4 7 4 3 7 2 3 7 3 5 6 3 5 4 1 5 7 1 7 3 
A 9 9 0 19
B 15 7 17 5
C 17 14 18 8
D 15 23 17 13
8 16 2 unnamed
7 7 7 3 5 0 0 1 5 0 1 7 7 5 2 7 
1 6 1 4 1 0 1 3 0 0 4 2 4 4 4 6 
3 4 1 5 2 3 4 1 1 2 2 6 1 5 1 2 
2 3 5 6 5 2 4 1 1 5 1 4 3 6 1 4 
1 5 1 1 6 2 2 6 6 2 2 5 5 5 1 6 
7 5 2 6 1 6 5 7 2 1 7 3 2 6 1 7 
2 4 4 6 4 7 6 5 3 3 1 6 3 2 1 4 
6 1 4 7 3 6 3 1 3 6 7 1 1 3 6 5 
A 11 1 0 3
B 7 7 12 2
4 2 1 White tiles are easily overwhelmed; the result tile is white only if all of the initial tiles are white.
1 7
7 7
7 7
7 1
A 0 0 1 3
6 4 1 In fact, symbols can be linked by long chains of boxes.
1 1 3 3
3 3 3 3
3 3 3 1
3 3 3 1
3 3 3 3
1 1 3 3
A 0 0 0 5

3 10 1 Sometimes, when putting together a large combination, one tile is the wrong color. By creating that tile out of combo tiles, the result color may be changed.
5 3 1 4 1 4 3 3 5 6
2 4 1 6 2 4 3 6 1 4
1 5 3 2 2 1 6 4 3 5
A 0 0 9 2
tutorial:
start
link
result
precedence
white
link2
link3
link4
black
larger
unexpected
persistence
break
easy:
cramped
soclose
unnamed
leverage
gridlock
crowded
medium:
detour
flanking
detour2
gridlock
7x7x6
tangle
border
hard:
pinwheel
8x8x8
detour3
holes
finale
3 3 1 Black tiles always take precedence; if there is a single one, the result will be black.
1 0 7
7 1 7
7 0 1
A 0 0 2 2
16 14 7 orange border guards
6 1 2 5 3 2 0 2 7 4 5 3 1 4 
4 6 5 4 6 3 6 2 2 2 2 2 2 2 
7 1 2 3 6 4 6 7 5 1 4 3 1 2 
6 4 7 1 7 2 7 6 5 4 7 2 3 2 
1 4 5 4 7 2 1 7 1 7 3 6 1 2 
2 1 3 5 2 2 6 3 1 3 7 4 6 2 
2 3 3 5 1 2 6 4 3 4 6 2 3 2 
4 5 4 4 4 2 2 2 6 1 3 1 4 2 
7 3 5 4 3 2 1 2 2 5 6 7 3 2 
5 7 3 4 2 5 1 5 2 3 5 2 3 2 
1 1 2 2 3 2 7 2 2 2 2 2 2 2 
5 6 2 3 7 3 6 5 2 5 5 1 6 6 
7 2 2 1 1 2 1 3 6 2 5 5 7 7 
6 7 6 5 1 7 7 2 3 3 7 2 6 6 
3 6 5 6 1 2 5 6 7 6 7 7 7 5 
4 6 2 2 3 2 7 2 5 2 2 2 1 7 
A 9 13 12 9
B 0 10 9 7
C 13 1 5 5
D 8 8 5 3
E 13 7 7 10
F 0 0 11 4
G 10 9 8 15
16 12 3
7 7 3 6 7 1 2 2 3 2 7 4 
5 3 2 1 5 2 7 3 1 6 3 6 
5 4 2 5 7 6 2 3 7 1 6 7 
6 1 2 4 2 5 4 6 5 7 3 5 
2 1 3 5 3 7 5 5 6 6 6 3 
4 7 7 6 4 5 6 6 6 7 4 7 
1 3 6 6 7 6 5 7 1 7 7 6 
7 3 7 2 4 2 5 1 7 3 7 3 
5 5 2 3 1 5 4 2 4 3 1 7 
2 7 6 5 6 5 1 5 4 7 6 1 
7 5 7 5 4 1 4 3 7 3 3 6 
2 1 3 2 2 3 3 2 1 4 2 7 
2 7 1 1 2 3 7 2 4 1 5 7 
5 5 4 6 1 4 3 4 2 2 6 5 
7 7 7 6 6 1 5 7 6 2 5 1 
6 6 5 1 5 7 5 1 3 4 6 6 
A 5 2 3 13
B 0 5 6 10
C 3 4 10 12
7 7 6 7x7x6
6 6 5 4 4 5 5 
1 7 7 5 4 4 3 
5 7 6 6 4 6 5 
3 1 3 3 2 5 4 
3 4 6 4 6 4 7 
3 2 3 1 7 6 6 
6 6 5 6 3 3 1 
A 0 1 3 5
B 4 1 5 1
C 0 3 2 3
D 5 5 2 4
E 0 0 5 2
F 6 0 3 1
4 4 1 Sometimes, a little creativity is required.
3 1 1 3
3 3 3 1
1 3 3 3
3 1 1 3
A 0 2 3 1
16 16 6 flanking maneuvers
2 6 2 5 4 2 1 2 7 6 2 4 6 7 3 2 
2 6 2 7 7 2 1 1 5 6 3 6 5 3 7 5 
3 2 4 1 5 3 1 5 4 5 2 5 7 4 6 2 
2 4 3 2 5 7 7 3 3 1 2 1 1 1 5 5 
4 5 4 6 6 4 4 5 1 5 5 4 5 4 7 7 
5 7 2 2 1 6 5 6 5 1 7 2 4 3 4 4 
1 4 3 4 5 4 4 4 1 2 5 2 5 3 7 5 
2 4 3 7 5 1 6 6 6 1 6 3 3 3 5 5 
7 3 1 7 5 2 6 6 3 2 1 2 6 6 7 4 
7 6 7 6 1 1 6 3 1 1 5 6 3 7 6 6 
7 5 4 4 3 2 3 4 1 7 4 7 1 2 2 1 
3 5 6 1 5 5 2 6 7 5 7 2 6 5 1 6 
1 4 1 6 2 3 6 4 3 3 6 6 7 3 7 4 
4 1 1 3 3 4 3 1 6 4 3 4 2 5 7 4 
5 1 7 5 2 2 6 7 4 6 3 4 1 6 4 5 
2 5 7 5 4 4 3 5 3 2 4 1 3 6 3 6 
A 2 11 10 7
B 2 4 15 5
C 7 13 4 5
D 0 7 6 11
E 9 8 13 10
F 12 9 6 15
24 24 10 Good luck.
2 3 3 3 5 6 4 6 2 1 2 3 6 2 2 3 4 4 6 4 6 6 5 4 
5 6 4 4 7 4 5 3 3 1 3 3 6 3 1 3 3 4 2 6 5 3 6 3 
3 6 4 4 5 4 4 5 4 7 7 1 4 1 5 4 7 5 4 6 3 2 6 3 
6 7 6 3 1 5 4 4 6 2 6 3 7 6 1 5 6 2 4 4 6 7 3 7 
2 2 1 5 5 4 4 4 6 1 2 2 1 6 6 7 3 1 1 3 4 6 1 3 
4 6 2 1 1 5 4 2 4 7 2 3 3 3 4 5 6 5 7 6 7 1 5 3 
4 6 2 3 4 4 4 1 5 4 6 3 6 2 3 5 6 4 1 7 3 5 3 7 
3 1 3 1 1 6 3 1 2 2 7 1 3 2 1 3 5 2 5 6 7 4 7 5 
2 4 5 1 2 2 5 4 7 7 2 5 5 1 6 6 1 5 3 2 6 3 7 7 
4 6 5 4 6 6 5 2 7 7 5 2 4 5 3 7 7 1 7 4 1 6 2 6 
3 4 2 6 1 5 5 4 5 5 1 6 3 7 4 5 1 3 4 3 1 7 4 6 
6 3 4 1 7 4 6 1 3 3 2 4 4 7 2 2 3 1 4 6 6 6 3 7 
7 2 3 5 4 6 7 3 7 2 2 4 6 5 6 3 5 6 6 3 5 6 7 3 
5 5 7 5 1 7 6 4 4 1 3 2 5 3 5 6 5 3 7 5 3 2 7 1 
7 3 5 1 7 3 5 1 1 5 1 4 4 7 4 2 7 5 3 1 2 5 4 4 
6 3 6 3 2 1 1 7 2 3 1 3 3 7 4 2 1 5 6 3 5 2 7 1 
4 2 4 2 5 2 5 3 5 5 2 6 5 6 7 1 2 6 7 2 6 1 4 7 
2 5 6 2 3 4 2 3 3 7 4 4 4 3 3 3 3 5 3 4 4 6 2 7 
3 6 6 6 7 5 3 6 1 6 3 5 5 3 3 3 2 7 6 4 4 7 5 1 
3 2 5 5 7 6 1 5 5 2 1 5 6 4 3 6 5 3 3 3 6 3 7 5 
4 7 4 6 1 1 7 1 7 3 4 4 2 5 5 5 1 7 1 1 1 6 3 5 
1 4 1 1 7 4 5 3 6 7 5 3 4 4 3 4 2 4 2 4 5 1 1 5 
6 7 6 1 7 5 1 1 5 5 4 2 1 4 2 3 4 6 2 6 2 3 6 4 
3 3 4 2 2 5 7 5 7 3 6 6 5 7 1 5 1 2 6 7 7 3 1 6 
A 2 1 5 17
B 7 19 21 6
C 9 15 19 12
D 17 22 18 12
E 1 13 6 21
F 1 19 17 7
G 10 22 7 13
H 18 22 20 14
I 3 17 11 22
J 15 7 17 13
12 12 12 holes
5 3 1 4 2 7 4 6 2 1 4 0 
2 0 0 6 1 4 5 3 7 3 2 5 
4 0 0 2 0 6 3 7 5 2 2 1 
6 0 0 1 0 3 6 2 0 3 4 3 
2 2 5 7 0 2 3 1 2 2 3 1 
6 6 6 2 7 1 5 1 5 4 5 4 
4 0 2 5 2 5 2 3 3 6 4 6 
4 0 7 7 1 2 5 1 5 6 5 6 
0 2 1 0 3 3 7 2 3 3 4 4 
0 2 6 6 4 2 3 2 3 5 6 3 
0 0 5 5 2 3 7 3 4 2 3 3 
0 0 0 0 0 5 2 3 3 3 5 0 
A 10 5 6 7
B 7 1 4 8
C 1 4 2 6
D 5 3 9 3
E 7 3 1 9
F 5 7 9 2
G 11 1 5 8
H 10 0 0 7
I 5 11 2 10
J 5 9 4 6
K 5 5 4 1
L 6 9 9 4
16 6 1 ...and yet so far
5 5 7 1 2 5
5 2 4 7 5 4
5 3 7 1 2 3
1 5 6 4 7 1
2 6 1 4 5 4
7 7 2 1 3 5
3 2 2 3 3 5
6 7 4 5 4 4
5 2 7 3 5 4
7 3 5 7 3 4
4 7 1 1 2 2
5 4 6 6 2 3
2 6 7 2 2 1
5 2 6 7 6 5
1 2 3 6 5 6
1 1 4 6 2 2
A 2 14 5 11
3 4 1 Symbols do not need to be in the same box to link - the boxes can just be touching.
3 3 3 2
1 1 1 3
1 1 1 3
A 0 0 3 2
