24 24 10 Good luck.
2 3 3 3 5 6 4 6 2 1 2 3 6 2 2 3 4 4 6 4 6 6 5 4 
5 6 4 4 7 4 5 3 3 1 3 3 6 3 1 3 3 4 2 6 5 3 6 3 
3 6 4 4 5 4 4 5 4 7 7 1 4 1 5 4 7 5 4 6 3 2 6 3 
6 7 6 3 1 5 4 4 6 2 6 3 7 6 1 5 6 2 4 4 6 7 3 7 
2 2 1 5 5 4 4 4 6 1 2 2 1 6 6 7 3 1 1 3 4 6 1 3 
4 6 2 1 1 5 4 2 4 7 2 3 3 3 4 5 6 5 7 6 7 1 5 3 
4 6 2 3 4 4 4 1 5 4 6 3 6 2 3 5 6 4 1 7 3 5 3 7 
3 1 3 1 1 6 3 1 2 2 7 1 3 2 1 3 5 2 5 6 7 4 7 5 
2 4 5 1 2 2 5 4 7 7 2 5 5 1 6 6 1 5 3 2 6 3 7 7 
4 6 5 4 6 6 5 2 7 7 5 2 4 5 3 7 7 1 7 4 1 6 2 6 
3 4 2 6 1 5 5 4 5 5 1 6 3 7 4 5 1 3 4 3 1 7 4 6 
6 3 4 1 7 4 6 1 3 3 2 4 4 7 2 2 3 1 4 6 6 6 3 7 
7 2 3 5 4 6 7 3 7 2 2 4 6 5 6 3 5 6 6 3 5 6 7 3 
5 5 7 5 1 7 6 4 4 1 3 2 5 3 5 6 5 3 7 5 3 2 7 1 
7 3 5 1 7 3 5 1 1 5 1 4 4 7 4 2 7 5 3 1 2 5 4 4 
6 3 6 3 2 1 1 7 2 3 1 3 3 7 4 2 1 5 6 3 5 2 7 1 
4 2 4 2 5 2 5 3 5 5 2 6 5 6 7 1 2 6 7 2 6 1 4 7 
2 5 6 2 3 4 2 3 3 7 4 4 4 3 3 3 3 5 3 4 4 6 2 7 
3 6 6 6 7 5 3 6 1 6 3 5 5 3 3 3 2 7 6 4 4 7 5 1 
3 2 5 5 7 6 1 5 5 2 1 5 6 4 3 6 5 3 3 3 6 3 7 5 
4 7 4 6 1 1 7 1 7 3 4 4 2 5 5 5 1 7 1 1 1 6 3 5 
1 4 1 1 7 4 5 3 6 7 5 3 4 4 3 4 2 4 2 4 5 1 1 5 
6 7 6 1 7 5 1 1 5 5 4 2 1 4 2 3 4 6 2 6 2 3 6 4 
3 3 4 2 2 5 7 5 7 3 6 6 5 7 1 5 1 2 6 7 7 3 1 6 
A 2 1 5 17
B 7 19 21 6
C 9 15 19 12
D 17 22 18 12
E 1 13 6 21
F 1 19 17 7
G 10 22 7 13
H 18 22 20 14
I 3 17 11 22
J 15 7 17 13
